1 120.908539
2 118.172825
3 116.232604
5 111.738024
6 106.259100
7 100.575173
12 99.073828
14 94.190008
15 92.734697
19 89.333711
22 86.303876
26 84.049880
29 83.118492
34 81.335905
35 79.317948
40 79.260014
41 78.780626
42 77.034356
44 76.647455
48 76.527862
52 71.472851
55 70.417742
58 66.929738
71 65.249906
80 64.756567
91 63.650928
101 62.934712
102 62.236714
103 61.706730
115 60.538980
125 59.793638
127 59.541702
128 57.926903
148 54.564190
199 54.165844
220 53.958638
253 53.143357
276 53.135081
284 52.827910
291 52.589155
295 52.173892
307 51.995746
308 51.610581
328 51.601286
331 51.545398
337 51.426877
338 51.384637
345 51.093027
350 50.730116
395 50.656326
400 49.649753
551 49.640458
591 49.242112
